val_loss,val_w_mse,train_loss,training_iteration,lr,timestamp,checkpoint_dir_name,done,trial_id,date,time_this_iter_s,time_total_s,pid,hostname,node_ip,time_since_restore,iterations_since_restore
0.7031149944285706,0.35390576785695027,0.8291716236486028,1,0.0007034987987026069,1765181426,,False,5fdda_00293,2025-12-08_08-10-26,11.537890672683716,11.537890672683716,184785,11322cb164e6,172.18.0.2,11.537890672683716,1
0.682617097322947,0.34632464367366883,0.7438280345592165,2,0.0007034420965222099,1765181435,,False,5fdda_00293,2025-12-08_08-10-35,8.213334083557129,19.751224756240845,184785,11322cb164e6,172.18.0.2,19.751224756240845,2
0.5748443791801615,0.2968757503331478,0.6661704771915556,3,0.0007033475997971658,1765181442,,False,5fdda_00293,2025-12-08_08-10-42,7.166259050369263,26.917483806610107,184785,11322cb164e6,172.18.0.2,26.917483806610107,3
0.4931432240539127,0.25721124694405906,0.5747693426366606,4,0.0007032153188901054,1765181449,,False,5fdda_00293,2025-12-08_08-10-49,7.263813257217407,34.181297063827515,184785,11322cb164e6,172.18.0.2,34.181297063827515,4
0.4215031798726829,0.22547105552498684,0.49960748522199805,5,0.0007030452683071207,1765181456,,False,5fdda_00293,2025-12-08_08-10-56,7.212913751602173,41.39421081542969,184785,11322cb164e6,172.18.0.2,41.39421081542969,5
0.3729718397215047,0.21108017916711727,0.42058490433879775,6,0.0007028374666961746,1765181463,,False,5fdda_00293,2025-12-08_08-11-03,7.145945072174072,48.54015588760376,184785,11322cb164e6,172.18.0.2,48.54015588760376,6
0.28752250216651026,0.17241236637767587,0.34801977433727505,7,0.0007025919368450553,1765181475,,False,5fdda_00293,2025-12-08_08-11-15,11.21924877166748,59.75940465927124,184785,11322cb164e6,172.18.0.2,59.75940465927124,7
0.23897420949945153,0.1491579183254593,0.2990035070974978,8,0.0007023087056788781,1765181484,,False,5fdda_00293,2025-12-08_08-11-24,9.671554565429688,69.43095922470093,184785,11322cb164e6,172.18.0.2,69.43095922470093,8
0.2095277471905839,0.13431558617479733,0.25579495575529926,9,0.0007019878042571318,1765181493,,False,5fdda_00293,2025-12-08_08-11-33,9.100828647613525,78.53178787231445,184785,11322cb164e6,172.18.0.2,78.53178787231445,9
0.19808770205045856,0.13090992674655078,0.23204318025279694,10,0.0007016292677702736,1765181502,,False,5fdda_00293,2025-12-08_08-11-42,8.838966608047485,87.37075448036194,184785,11322cb164e6,172.18.0.2,87.37075448036194,10
0.17755987063935869,0.11869088205621994,0.21269259315678957,11,0.0007012331355358696,1765181509,,False,5fdda_00293,2025-12-08_08-11-49,7.009643077850342,94.38039755821228,184785,11322cb164e6,172.18.0.2,94.38039755821228,11
0.17093954000439138,0.11944356953450876,0.1976077599098684,12,0.0007007994509942836,1765181517,,False,5fdda_00293,2025-12-08_08-11-57,7.269483327865601,101.64988088607788,184785,11322cb164e6,172.18.0.2,101.64988088607788,12
0.17386391238148205,0.12224806307090653,0.18636756954434777,13,0.0007003282617039123,1765181524,,False,5fdda_00293,2025-12-08_08-12-04,7.24097466468811,108.89085555076599,184785,11322cb164e6,172.18.0.2,108.89085555076599,13
0.14921509496655883,0.10648112815807186,0.17913641991248172,14,0.0006998196193359716,1765181531,,False,5fdda_00293,2025-12-08_08-12-11,7.216853618621826,116.10770916938782,184785,11322cb164e6,172.18.0.2,116.10770916938782,14
0.1494415565189311,0.10973032188507938,0.1681241511048778,15,0.0006992735796688288,1765181538,,False,5fdda_00293,2025-12-08_08-12-18,7.2279322147369385,123.33564138412476,184785,11322cb164e6,172.18.0.2,123.33564138412476,15
0.14472478339376377,0.10677778972096222,0.1612223344058802,16,0.0006986902025818868,1765181545,,False,5fdda_00293,2025-12-08_08-12-25,7.202677488327026,130.53831887245178,184785,11322cb164e6,172.18.0.2,130.53831887245178,16
0.147694637926743,0.10612985085051035,0.1560568283915211,17,0.000698069552049017,1765181553,,False,5fdda_00293,2025-12-08_08-12-33,7.2454612255096436,137.78378009796143,184785,11322cb164e6,172.18.0.2,137.78378009796143,17
0.12718562650896165,0.09664964003762765,0.15327883220803706,18,0.000697411696131545,1765181560,,False,5fdda_00293,2025-12-08_08-12-40,6.999592304229736,144.78337240219116,184785,11322cb164e6,172.18.0.2,144.78337240219116,18
0.13756517755488554,0.10740494767314628,0.14489127176818606,19,0.000696716706970785,1765181567,,False,5fdda_00293,2025-12-08_08-12-47,7.224029302597046,152.0074017047882,184785,11322cb164e6,172.18.0.2,152.0074017047882,19
0.12595217622989832,0.09498072884139395,0.14489585370877323,20,0.0006959846607801303,1765181574,,False,5fdda_00293,2025-12-08_08-12-54,7.1358184814453125,159.14322018623352,184785,11322cb164e6,172.18.0.2,159.14322018623352,20
0.13298608181704538,0.1032979686140475,0.1387934988325973,21,0.0006952156378366955,1765181581,,False,5fdda_00293,2025-12-08_08-13-01,6.841994762420654,165.98521494865417,184785,11322cb164e6,172.18.0.2,165.98521494865417,21
0.12501862131116925,0.0994500941470583,0.136720842873639,22,0.000694409722472512,1765181588,,False,5fdda_00293,2025-12-08_08-13-08,7.085245847702026,173.0704607963562,184785,11322cb164e6,172.18.0.2,173.0704607963562,22
0.12903670443929444,0.09846731954680164,0.13352072254122463,23,0.0006935670030652817,1765181597,,False,5fdda_00293,2025-12-08_08-13-17,8.486685514450073,181.55714631080627,184785,11322cb164e6,172.18.0.2,181.55714631080627,23
0.11319836286361057,0.08926702410136698,0.12961639502626202,24,0.000692687572028684,1765181606,,False,5fdda_00293,2025-12-08_08-13-26,9.457239389419556,191.01438570022583,184785,11322cb164e6,172.18.0.2,191.01438570022583,24
0.10886883206222717,0.08582644645143926,0.12460060370844726,25,0.0006917715258022423,1765181614,,False,5fdda_00293,2025-12-08_08-13-34,8.09498906135559,199.10937476158142,184785,11322cb164e6,172.18.0.2,199.10937476158142,25
0.11630221557363059,0.0909756021092836,0.12197220140894383,26,0.0006908189648407485,1765181621,,False,5fdda_00293,2025-12-08_08-13-41,7.42810320854187,206.5374779701233,184785,11322cb164e6,172.18.0.2,206.5374779701233,26
0.10717385657882506,0.08732496781962941,0.11769753431785523,27,0.0006898299936032461,1765181631,,False,5fdda_00293,2025-12-08_08-13-51,9.537313222885132,216.07479119300842,184785,11322cb164e6,172.18.0.2,216.07479119300842,27
0.10871382378696318,0.08814163854013579,0.11791039970365638,28,0.0006888047205415761,1765181640,,False,5fdda_00293,2025-12-08_08-14-00,8.92819094657898,225.0029821395874,184785,11322cb164e6,172.18.0.2,225.0029821395874,28
0.10675636910922459,0.08423157147244967,0.11857389943997515,29,0.0006877432580884835,1765181648,,False,5fdda_00293,2025-12-08_08-14-08,7.971890687942505,232.9748728275299,184785,11322cb164e6,172.18.0.2,232.9748728275299,29
0.10098961333308648,0.0829193147551509,0.11439389507455143,30,0.000686645722645288,1765181655,,False,5fdda_00293,2025-12-08_08-14-15,7.244635105133057,240.21950793266296,184785,11322cb164e6,172.18.0.2,240.21950793266296,30
0.11072819635214269,0.09014312174106233,0.11182908346114072,31,0.0006855122345691187,1765181663,,False,5fdda_00293,2025-12-08_08-14-23,7.351128101348877,247.57063603401184,184785,11322cb164e6,172.18.0.2,247.57063603401184,31
0.10768011692208683,0.08721703251953734,0.11231282887343375,32,0.0006843429181597167,1765181670,,False,5fdda_00293,2025-12-08_08-14-30,7.095442771911621,254.66607880592346,184785,11322cb164e6,172.18.0.2,254.66607880592346,32
0.10055503121622927,0.08374388226204449,0.10739929344712569,33,0.0006831379016458032,1765181677,,False,5fdda_00293,2025-12-08_08-14-37,7.0836005210876465,261.7496793270111,184785,11322cb164e6,172.18.0.2,261.7496793270111,33
0.10317825999601866,0.0864376134265609,0.10784821966759513,34,0.0006818973171710183,1765181684,,False,5fdda_00293,2025-12-08_08-14-44,7.199463129043579,268.9491424560547,184785,11322cb164e6,172.18.0.2,268.9491424560547,34
0.10112417166335484,0.08261240609664018,0.10735407426779597,35,0.0006806213007794296,1765181691,,False,5fdda_00293,2025-12-08_08-14-51,6.993805885314941,275.94294834136963,184785,11322cb164e6,172.18.0.2,275.94294834136963,35
0.09442155697991836,0.07805617869102446,0.10425977779364146,36,0.0006793099924006142,1765181698,,False,5fdda_00293,2025-12-08_08-14-58,7.036152601242065,282.9791009426117,184785,11322cb164e6,172.18.0.2,282.9791009426117,36
0.09512558102472962,0.07459601503857038,0.10628682914445746,37,0.0006779635358343126,1765181705,,False,5fdda_00293,2025-12-08_08-15-05,7.17185115814209,290.1509521007538,184785,11322cb164e6,172.18.0.2,290.1509521007538,37
0.0826227735939799,0.06811610577286291,0.10218423402052701,38,0.0006765820787346606,1765181712,,False,5fdda_00293,2025-12-08_08-15-12,6.837998390197754,296.98895049095154,184785,11322cb164e6,172.18.0.2,296.98895049095154,38
0.08797774817168867,0.07360189820420796,0.10076839162683394,39,0.0006751657725939968,1765181719,,False,5fdda_00293,2025-12-08_08-15-19,7.170053243637085,304.1590037345886,184785,11322cb164e6,172.18.0.2,304.1590037345886,39
0.09534199174868968,0.07900220264370243,0.09494513648904744,40,0.0006737147727262498,1765181726,,False,5fdda_00293,2025-12-08_08-15-26,7.131103515625,311.2901072502136,184785,11322cb164e6,172.18.0.2,311.2901072502136,40
0.09994929716549332,0.08222864106422632,0.09688368512418874,41,0.0006722292382499064,1765181733,,False,5fdda_00293,2025-12-08_08-15-33,7.080146074295044,318.37025332450867,184785,11322cb164e6,172.18.0.2,318.37025332450867,41
0.1001100898395444,0.08437152249974413,0.09648819054100527,42,0.0006707093320705625,1765181740,,False,5fdda_00293,2025-12-08_08-15-40,6.804251670837402,325.17450499534607,184785,11322cb164e6,172.18.0.2,325.17450499534607,42
0.08822641617471703,0.07389941583182999,0.09739104661622466,43,0.0006691552208630583,1765181747,,False,5fdda_00293,2025-12-08_08-15-47,7.032275199890137,332.2067801952362,184785,11322cb164e6,172.18.0.2,332.2067801952362,43
0.08666701682961188,0.07359479840613845,0.09416947478411594,44,0.0006675670750532008,1765181754,,False,5fdda_00293,2025-12-08_08-15-54,7.211427211761475,339.4182074069977,184785,11322cb164e6,172.18.0.2,339.4182074069977,44
0.08828075167070834,0.07356662315241896,0.08832696160371536,45,0.0006659450687990751,1765181765,,False,5fdda_00293,2025-12-08_08-16-05,10.983593463897705,350.4018008708954,184785,11322cb164e6,172.18.0.2,350.4018008708954,45
0.09679113134732158,0.08220552596039782,0.08592737789164476,46,0.0006642893799719453,1765181773,,False,5fdda_00293,2025-12-08_08-16-13,7.301355838775635,357.703156709671,184785,11322cb164e6,172.18.0.2,357.703156709671,46
0.08591756961026857,0.07238933407203403,0.08709040543407086,47,0.000662600190136749,1765181780,,False,5fdda_00293,2025-12-08_08-16-20,7.267266750335693,364.9704234600067,184785,11322cb164e6,172.18.0.2,364.9704234600067,47
0.07674747097091773,0.06442107646232735,0.08293403755545307,48,0.0006608776845321873,1765181787,,False,5fdda_00293,2025-12-08_08-16-27,7.143747806549072,372.1141712665558,184785,11322cb164e6,172.18.0.2,372.1141712665558,48
0.08508567862424432,0.07101517242983522,0.08896721258802928,49,0.0006591220520504106,1765181794,,False,5fdda_00293,2025-12-08_08-16-34,7.02286958694458,379.13704085350037,184785,11322cb164e6,172.18.0.2,379.13704085350037,49
0.09320865114982353,0.08131023832459668,0.08554670840822681,50,0.0006573334852163045,1765181801,,False,5fdda_00293,2025-12-08_08-16-41,7.2695629596710205,386.4066038131714,184785,11322cb164e6,172.18.0.2,386.4066038131714,50
0.08251483929981249,0.07012943145566324,0.08510323813597677,51,0.0006555121801663778,1765181809,,False,5fdda_00293,2025-12-08_08-16-49,7.168469190597534,393.5750730037689,184785,11322cb164e6,172.18.0.2,393.5750730037689,51
0.09464687579227202,0.08289400046782747,0.08711609719598598,52,0.0006536583366272535,1765181816,,False,5fdda_00293,2025-12-08_08-16-56,7.795032739639282,401.3701057434082,184785,11322cb164e6,172.18.0.2,401.3701057434082,52
0.07824478019510206,0.064944088835635,0.08136368799385243,53,0.0006517721578937666,1765181824,,False,5fdda_00293,2025-12-08_08-17-04,7.2359490394592285,408.60605478286743,184785,11322cb164e6,172.18.0.2,408.60605478286743,53
0.07954676737599749,0.06692331036413209,0.08044406940673184,54,0.0006498538508066705,1765181831,,False,5fdda_00293,2025-12-08_08-17-11,7.288818359375,415.89487314224243,184785,11322cb164e6,172.18.0.2,415.89487314224243,54
0.08091315385002344,0.06921197346337044,0.08096930319974151,55,0.0006479036257299545,1765181838,,False,5fdda_00293,2025-12-08_08-17-18,7.265836477279663,423.1607096195221,184785,11322cb164e6,172.18.0.2,423.1607096195221,55
0.07493717199581307,0.06405534700957399,0.07765262984728605,56,0.0006459216965277755,1765181845,,False,5fdda_00293,2025-12-08_08-17-25,7.067138671875,430.2278482913971,184785,11322cb164e6,172.18.0.2,430.2278482913971,56
0.08538006192905881,0.07353627413886693,0.07794770183538718,57,0.0006439082805410047,1765181853,,False,5fdda_00293,2025-12-08_08-17-33,7.287100076675415,437.5149483680725,184785,11322cb164e6,172.18.0.2,437.5149483680725,57
0.08962790230505688,0.07827121909293863,0.07426508936314444,58,0.0006418635985633944,1765181860,,False,5fdda_00293,2025-12-08_08-17-40,7.127914905548096,444.6428632736206,184785,11322cb164e6,172.18.0.2,444.6428632736206,58
0.07635263259491332,0.06398845971285219,0.07248851285530786,59,0.0006397878748173647,1765181867,,False,5fdda_00293,2025-12-08_08-17-47,6.997349500656128,451.64021277427673,184785,11322cb164e6,172.18.0.2,451.64021277427673,59
0.07806834121275626,0.06731205724555162,0.07883985999698988,60,0.0006376813369294158,1765181874,,False,5fdda_00293,2025-12-08_08-17-54,7.135654449462891,458.7758672237396,184785,11322cb164e6,172.18.0.2,458.7758672237396,60
0.07484901583337199,0.0631624727464192,0.07155632156724294,61,0.0006355442159051654,1765181881,,False,5fdda_00293,2025-12-08_08-18-01,7.175167560577393,465.951034784317,184785,11322cb164e6,172.18.0.2,465.951034784317,61
0.08748406139551361,0.074086662653824,0.0730768354504654,62,0.0006333767461040172,1765181888,,False,5fdda_00293,2025-12-08_08-18-08,7.106268882751465,473.0573036670685,184785,11322cb164e6,172.18.0.2,473.0573036670685,62
0.08232654838339072,0.07055946962200393,0.06818491526652572,63,0.0006311791652134598,1765181895,,False,5fdda_00293,2025-12-08_08-18-15,7.200692415237427,480.2579960823059,184785,11322cb164e6,172.18.0.2,480.2579960823059,63
0.07832771794779048,0.06803009047435274,0.06683423183194888,64,0.0006289517142230028,1765181903,,False,5fdda_00293,2025-12-08_08-18-23,7.299042463302612,487.5570385456085,184785,11322cb164e6,172.18.0.2,487.5570385456085,64
0.08669357371903975,0.07377444780900959,0.06366717110030894,65,0.0006266946373977479,1765181910,,False,5fdda_00293,2025-12-08_08-18-30,7.230535984039307,494.7875745296478,184785,11322cb164e6,172.18.0.2,494.7875745296478,65
0.07942840164570614,0.06775775130173957,0.07168013217721443,66,0.0006244081822516041,1765181917,,False,5fdda_00293,2025-12-08_08-18-37,7.352999925613403,502.14057445526123,184785,11322cb164e6,172.18.0.2,502.14057445526123,66
0.08016922514048196,0.07008740116146607,0.06694975025937386,67,0.0006220925995201444,1765181925,,False,5fdda_00293,2025-12-08_08-18-45,7.268819570541382,509.4093940258026,184785,11322cb164e6,172.18.0.2,509.4093940258026,67
0.08508345075625474,0.07654374204359429,0.0687794608228063,68,0.0006197481431331092,1765181932,,False,5fdda_00293,2025-12-08_08-18-52,7.2967002391815186,516.7060942649841,184785,11322cb164e6,172.18.0.2,516.7060942649841,68
0.07058298647962029,0.05989967927081602,0.06559208642879569,69,0.0006173750701865613,1765181939,,False,5fdda_00293,2025-12-08_08-18-59,7.0636467933654785,523.7697410583496,184785,11322cb164e6,172.18.0.2,523.7697410583496,69
0.0829554790563554,0.07367648700557804,0.059111066226524164,70,0.0006149736409146912,1765181946,,False,5fdda_00293,2025-12-08_08-19-06,7.233678102493286,531.0034191608429,184785,11322cb164e6,172.18.0.2,531.0034191608429,70
0.08777819952424568,0.07773572988615633,0.06787219672907781,71,0.0006125441186612802,1765181953,,False,5fdda_00293,2025-12-08_08-19-13,7.302157640457153,538.3055768013,184785,11322cb164e6,172.18.0.2,538.3055768013,71
0.07006703755392353,0.05973568860109347,0.06477161586209843,72,0.0006100867698508216,1765181961,,False,5fdda_00293,2025-12-08_08-19-21,7.0454065799713135,545.3509833812714,184785,11322cb164e6,172.18.0.2,545.3509833812714,72
0.08493716954385973,0.07274298820625365,0.06408067731611392,73,0.0006076018639593043,1765181968,,False,5fdda_00293,2025-12-08_08-19-28,7.3587563037872314,552.7097396850586,184785,11322cb164e6,172.18.0.2,552.7097396850586,73
0.0744207429143694,0.06539517358421933,0.0609205418593284,74,0.0006050896734846617,1765181975,,False,5fdda_00293,2025-12-08_08-19-35,7.196510553359985,559.9062502384186,184785,11322cb164e6,172.18.0.2,559.9062502384186,74
0.07770795607337733,0.06805469849067487,0.06196489255607533,75,0.0006025504739168891,1765181982,,False,5fdda_00293,2025-12-08_08-19-42,7.2713704109191895,567.1776206493378,184785,11322cb164e6,172.18.0.2,567.1776206493378,75
0.0758123180542613,0.06486463560831061,0.05855426230224168,76,0.0005999845437078334,1765181990,,False,5fdda_00293,2025-12-08_08-19-50,7.168447971343994,574.3460686206818,184785,11322cb164e6,172.18.0.2,574.3460686206818,76
0.07355206297320682,0.0635136933419709,0.05803782169808455,77,0.0005973921642406572,1765181997,,False,5fdda_00293,2025-12-08_08-19-57,7.176016569137573,581.5220851898193,184785,11322cb164e6,172.18.0.2,581.5220851898193,77
0.079555360232155,0.06923172195762088,0.060618897900588505,78,0.0005947736197989827,1765182004,,False,5fdda_00293,2025-12-08_08-20-04,7.202903747558594,588.7249889373779,184785,11322cb164e6,172.18.0.2,588.7249889373779,78
0.07090785379403629,0.062092351964229686,0.05817619355641537,79,0.0005921291975357161,1765182011,,False,5fdda_00293,2025-12-08_08-20-11,6.980175971984863,595.7051649093628,184785,11322cb164e6,172.18.0.2,595.7051649093628,79
0.08666796651151445,0.07760722316002584,0.05658611474580426,80,0.0005894591874415588,1765182018,,False,5fdda_00293,2025-12-08_08-20-18,7.305901050567627,603.0110659599304,184785,11322cb164e6,172.18.0.2,603.0110659599304,80
0.06633576822710206,0.05821885649735729,0.05893983555368963,81,0.0005867638823132056,1765182025,,False,5fdda_00293,2025-12-08_08-20-25,7.146628379821777,610.1576943397522,184785,11322cb164e6,172.18.0.2,610.1576943397522,81
0.06694555646217686,0.05871329273552049,0.05545076691977429,82,0.0005840435777212374,1765182032,,False,5fdda_00293,2025-12-08_08-20-32,7.11158299446106,617.2692773342133,184785,11322cb164e6,172.18.0.2,617.2692773342133,82
0.06656965692780277,0.05822935812800969,0.05496751178306928,83,0.0005812985719777076,1765182040,,False,5fdda_00293,2025-12-08_08-20-40,7.226868391036987,624.4961457252502,184785,11322cb164e6,172.18.0.2,624.4961457252502,83
0.06833638272245803,0.057118820757496844,0.05265534125929554,84,0.0005785291661034293,1765182047,,False,5fdda_00293,2025-12-08_08-20-47,7.2311110496521,631.7272567749023,184785,11322cb164e6,172.18.0.2,631.7272567749023,84
0.06138034033750302,0.053250586796908105,0.05372469797621872,85,0.0005757356637949651,1765182054,,False,5fdda_00293,2025-12-08_08-20-54,7.216532945632935,638.9437897205353,184785,11322cb164e6,172.18.0.2,638.9437897205353,85
0.07861174899574552,0.0704081625453839,0.054287059625871284,86,0.0005729183713913231,1765182061,,False,5fdda_00293,2025-12-08_08-21-01,7.139500856399536,646.0832905769348,184785,11322cb164e6,172.18.0.2,646.0832905769348,86
0.06818224677878602,0.0601516744766856,0.055256976331029224,87,0.0005700775978403633,1765182069,,False,5fdda_00293,2025-12-08_08-21-09,7.335246801376343,653.4185373783112,184785,11322cb164e6,172.18.0.2,653.4185373783112,87
0.06641564594018598,0.05836020652878577,0.05435512537725386,88,0.0005672136546649181,1765182076,,False,5fdda_00293,2025-12-08_08-21-16,7.175225496292114,660.5937628746033,184785,11322cb164e6,172.18.0.2,660.5937628746033,88
0.07404140594056795,0.0654512925749736,0.05110062085697668,89,0.0005643268559286304,1765182084,,False,5fdda_00293,2025-12-08_08-21-24,8.587445497512817,669.1812083721161,184785,11322cb164e6,172.18.0.2,669.1812083721161,89
0.06195961433229366,0.05430296793620966,0.0502436603865842,90,0.0005614175182015129,1765182094,,False,5fdda_00293,2025-12-08_08-21-34,9.890433311462402,679.0716416835785,184785,11322cb164e6,172.18.0.2,679.0716416835785,90
0.06185414267641321,0.0547229006955068,0.052892520766490536,91,0.0005584859605252328,1765182102,,False,5fdda_00293,2025-12-08_08-21-42,7.274616479873657,686.3462581634521,184785,11322cb164e6,172.18.0.2,686.3462581634521,91
0.06442310875257626,0.05667777929288992,0.04883183405669454,92,0.0005555325043781248,1765182109,,False,5fdda_00293,2025-12-08_08-21-49,7.196525812149048,693.5427839756012,184785,11322cb164e6,172.18.0.2,693.5427839756012,92
0.07150942776640949,0.0635480695351169,0.045739471320053224,93,0.0005525574736399379,1765182116,,False,5fdda_00293,2025-12-08_08-21-56,7.159404516220093,700.7021884918213,184785,11322cb164e6,172.18.0.2,700.7021884918213,93
0.06816067010193139,0.05997052745657759,0.046574409017242836,94,0.000549561194556318,1765182126,,False,5fdda_00293,2025-12-08_08-22-06,9.928649425506592,710.6308379173279,184785,11322cb164e6,172.18.0.2,710.6308379173279,94
0.06963336782274859,0.06128692995030096,0.0457836587604502,95,0.0005465439957030317,1765182133,,False,5fdda_00293,2025-12-08_08-22-13,7.254483699798584,717.8853216171265,184785,11322cb164e6,172.18.0.2,717.8853216171265,95
0.06347379874611317,0.05626601248243174,0.04854362612949694,96,0.000543506207949934,1765182140,,False,5fdda_00293,2025-12-08_08-22-20,7.127485752105713,725.0128073692322,184785,11322cb164e6,172.18.0.2,725.0128073692322,96
0.06030218229203146,0.05386300070707034,0.04567926192241166,97,0.0005404481644246849,1765182148,,False,5fdda_00293,2025-12-08_08-22-28,7.234082937240601,732.2468903064728,184785,11322cb164e6,172.18.0.2,732.2468903064728,97
0.06488012539304658,0.058189601819716795,0.04216789467974416,98,0.0005373702004762178,1765182155,,False,5fdda_00293,2025-12-08_08-22-35,7.159144163131714,739.4060344696045,184785,11322cb164e6,172.18.0.2,739.4060344696045,98
0.07496288553053557,0.0672576799507443,0.047189370562247646,99,0.0005342726536379652,1765182162,,False,5fdda_00293,2025-12-08_08-22-42,7.001025676727295,746.4070601463318,184785,11322cb164e6,172.18.0.2,746.4070601463318,99
0.0842847923798732,0.07466638275453441,0.0426649995235041,100,0.0005311558635908441,1765182170,,False,5fdda_00293,2025-12-08_08-22-50,8.743018865585327,755.1500790119171,184785,11322cb164e6,172.18.0.2,755.1500790119171,100
0.06935348524411211,0.06315530764567125,0.043339632316420115,101,0.0005280201721260062,1765182180,,False,5fdda_00293,2025-12-08_08-23-00,9.619849443435669,764.7699284553528,184785,11322cb164e6,172.18.0.2,764.7699284553528,101
0.05922187577923447,0.0517994973451159,0.043620501988726655,102,0.0005248659231073566,1765182189,,False,5fdda_00293,2025-12-08_08-23-09,8.741997480392456,773.5119259357452,184785,11322cb164e6,172.18.0.2,773.5119259357452,102
0.07177814574748548,0.06635795850896346,0.04259883723863511,103,0.0005216934624338455,1765182196,,False,5fdda_00293,2025-12-08_08-23-16,7.063111305236816,780.575037240982,184785,11322cb164e6,172.18.0.2,780.575037240982,103
0.05648593381480422,0.050206714101588154,0.03923568427122386,104,0.000518503138001536,1765182203,,False,5fdda_00293,2025-12-08_08-23-23,7.3203630447387695,787.8954002857208,184785,11322cb164e6,172.18.0.2,787.8954002857208,104
0.07426576025167947,0.06765695626953333,0.041500914002252365,105,0.0005152952996654537,1765182210,,False,5fdda_00293,2025-12-08_08-23-30,7.133089542388916,795.0284898281097,184785,11322cb164e6,172.18.0.2,795.0284898281097,105
0.05968968447981263,0.05353073236948837,0.04272364620861255,106,0.0005120702992012214,1765182218,,False,5fdda_00293,2025-12-08_08-23-38,7.330374002456665,802.3588638305664,184785,11322cb164e6,172.18.0.2,802.3588638305664,106
0.06501050413049546,0.05793003268053789,0.04183675865962416,107,0.0005088284902664824,1765182225,,False,5fdda_00293,2025-12-08_08-23-45,7.048039436340332,809.4069032669067,184785,11322cb164e6,172.18.0.2,809.4069032669067,107
0.0572154033647547,0.051636398709150516,0.036233522800772106,108,0.0005055702283621181,1765182232,,False,5fdda_00293,2025-12-08_08-23-52,7.313885688781738,816.7207889556885,184785,11322cb164e6,172.18.0.2,816.7207889556885,108
0.07960113910212151,0.07138414641551058,0.040570425906235476,109,0.0005022958707932637,1765182239,,False,5fdda_00293,2025-12-08_08-23-59,7.105029821395874,823.8258187770844,184785,11322cb164e6,172.18.0.2,823.8258187770844,109
0.06581235752929512,0.06016047041230289,0.04187561635686799,110,0.0004990057766301254,1765182246,,False,5fdda_00293,2025-12-08_08-24-06,6.993985414505005,830.8198041915894,184785,11322cb164e6,172.18.0.2,830.8198041915894,110
0.06319167074273299,0.05757487965422834,0.03574377628691118,111,0.0004957003066686041,1765182253,,False,5fdda_00293,2025-12-08_08-24-13,7.170957565307617,837.990761756897,184785,11322cb164e6,172.18.0.2,837.990761756897,111
0.06817761263316761,0.06081224949272393,0.035538276740098906,112,0.0004923798233907303,1765182261,,False,5fdda_00293,2025-12-08_08-24-21,7.258001089096069,845.248762845993,184785,11322cb164e6,172.18.0.2,845.248762845993,112
0.06084906115637038,0.05466835030525422,0.03381025911504258,113,0.000489044690924914,1765182268,,False,5fdda_00293,2025-12-08_08-24-28,7.424992322921753,852.6737551689148,184785,11322cb164e6,172.18.0.2,852.6737551689148,113
0.05921816178994586,0.05260920598236627,0.03176694557763192,114,0.00048569527500601337,1765182276,,False,5fdda_00293,2025-12-08_08-24-36,7.683887243270874,860.3576424121857,184785,11322cb164e6,172.18.0.2,860.3576424121857,114
0.06750342122445158,0.06253982589096409,0.034105044326665356,115,0.0004823319429352284,1765182283,,False,5fdda_00293,2025-12-08_08-24-43,7.2805495262146,867.6381919384003,184785,11322cb164e6,172.18.0.2,867.6381919384003,115
0.057239885452788235,0.051196477922204234,0.03705153724515251,116,0.0004789550635398223,1765182290,,False,5fdda_00293,2025-12-08_08-24-50,7.189809322357178,874.8280012607574,184785,11322cb164e6,172.18.0.2,874.8280012607574,116
0.07227106128629172,0.06672151153125061,0.03683876850729123,117,0.0004755650071326745,1765182298,,False,5fdda_00293,2025-12-08_08-24-58,7.320075035095215,882.1480762958527,184785,11322cb164e6,172.18.0.2,882.1480762958527,117
0.06287380060041443,0.055937139148937026,0.03434279349052294,118,0.0004721621454716724,1765182305,,False,5fdda_00293,2025-12-08_08-25-05,7.166682958602905,889.3147592544556,184785,11322cb164e6,172.18.0.2,889.3147592544556,118
0.05986671818020809,0.054074601680569795,0.030114394406621572,119,0.00046874685171894415,1765182312,,False,5fdda_00293,2025-12-08_08-25-12,7.146970272064209,896.4617295265198,184785,11322cb164e6,172.18.0.2,896.4617295265198,119
0.05297695686054014,0.048022869126077075,0.03339802351336289,120,0.00046531950039993645,1765182320,,False,5fdda_00293,2025-12-08_08-25-20,8.604414224624634,905.0661437511444,184785,11322cb164e6,172.18.0.2,905.0661437511444,120
0.05578271480691102,0.050695344921230345,0.02845002578600392,121,0.0004618804673623442,1765182328,,False,5fdda_00293,2025-12-08_08-25-28,7.298443078994751,912.3645868301392,184785,11322cb164e6,172.18.0.2,912.3645868301392,121
0.06545830265804163,0.060048091782435045,0.033130271996641675,122,0.0004584301297348944,1765182338,,False,5fdda_00293,2025-12-08_08-25-38,9.973542928695679,922.3381297588348,184785,11322cb164e6,172.18.0.2,922.3381297588348,122
0.05778738590395343,0.05228034266540227,0.0308633180992036,123,0.00045496886588598963,1765182345,,False,5fdda_00293,2025-12-08_08-25-45,7.080190181732178,929.418319940567,184785,11322cb164e6,172.18.0.2,929.418319940567,123
0.056148456396337705,0.05041827578085549,0.031686471584566674,124,0.00045149705538221566,1765182353,,False,5fdda_00293,2025-12-08_08-25-53,8.466996192932129,937.8853161334991,184785,11322cb164e6,172.18.0.2,937.8853161334991,124
0.06140049253843089,0.05553436866848313,0.028890544389087437,125,0.0004480150789467183,1765182361,,False,5fdda_00293,2025-12-08_08-26-01,7.383073329925537,945.2683894634247,184785,11322cb164e6,172.18.0.2,945.2683894634247,125
0.0625445896660962,0.058061369271823794,0.029216308322846118,126,0.00044452331841745164,1765182370,,False,5fdda_00293,2025-12-08_08-26-10,9.167983055114746,954.4363725185394,184785,11322cb164e6,172.18.0.2,954.4363725185394,126
0.06480655737957636,0.05939990308650743,0.031451818802263685,127,0.00044102215670530667,1765182377,,False,5fdda_00293,2025-12-08_08-26-17,7.477234840393066,961.9136073589325,184785,11322cb164e6,172.18.0.2,961.9136073589325,127
0.058952511462698226,0.053118164368931596,0.02745965740087302,128,0.0004375119777521194,1765182387,,False,5fdda_00293,2025-12-08_08-26-27,9.739835023880005,971.6534423828125,184785,11322cb164e6,172.18.0.2,971.6534423828125,128
0.05097985516593476,0.045984574120722765,0.03208182062989902,129,0.0004339931664885683,1765182394,,False,5fdda_00293,2025-12-08_08-26-34,7.397148132324219,979.0505905151367,184785,11322cb164e6,172.18.0.2,979.0505905151367,129
0.05069151273338986,0.046103900463924354,0.029787738637098743,130,0.00043046610879196156,1765182402,,False,5fdda_00293,2025-12-08_08-26-42,7.11594820022583,986.1665387153625,184785,11322cb164e6,172.18.0.2,986.1665387153625,130
0.05148324710064272,0.046847528532551704,0.030780577226879723,131,0.0004269311914439221,1765182409,,False,5fdda_00293,2025-12-08_08-26-49,7.146515846252441,993.313054561615,184785,11322cb164e6,172.18.0.2,993.313054561615,131
0.06985898155151103,0.06400740910405703,0.02827992535725844,132,0.0004233888020879723,1765182416,,False,5fdda_00293,2025-12-08_08-26-56,7.1735429763793945,1000.4865975379944,184785,11322cb164e6,172.18.0.2,1000.4865975379944,132
0.06358972996189344,0.05842543335436562,0.02694201862881047,133,0.0004198393291870237,1765182423,,False,5fdda_00293,2025-12-08_08-27-03,7.012683391571045,1007.4992809295654,184785,11322cb164e6,172.18.0.2,1007.4992809295654,133
0.05755531036677633,0.05303324174102232,0.026708375845331256,134,0.000416283161980779,1765182430,,False,5fdda_00293,2025-12-08_08-27-10,7.277740001678467,1014.7770209312439,184785,11322cb164e6,172.18.0.2,1014.7770209312439,134
0.050455188359439525,0.0457683870826369,0.02588831406621108,135,0.00041272069044304675,1765182438,,False,5fdda_00293,2025-12-08_08-27-18,7.314718008041382,1022.0917389392853,184785,11322cb164e6,172.18.0.2,1022.0917389392853,135
0.059995805883168864,0.05421985532530133,0.02537645339643718,136,0.00040915230523897643,1765182445,,False,5fdda_00293,2025-12-08_08-27-25,7.237104177474976,1029.3288431167603,184785,11322cb164e6,172.18.0.2,1029.3288431167603,136
0.059703325050177884,0.05545950375884791,0.026318213098062385,137,0.00040557839768221764,1765182452,,False,5fdda_00293,2025-12-08_08-27-32,7.198594331741333,1036.5274374485016,184785,11322cb164e6,172.18.0.2,1036.5274374485016,137
0.07197343115153354,0.0663832346722243,0.026892559801305553,138,0.0004019993596920084,1765182459,,False,5fdda_00293,2025-12-08_08-27-39,7.095696687698364,1043.6231341362,184785,11322cb164e6,172.18.0.2,1043.6231341362,138
0.05997368939297914,0.05511281850870497,0.02348022609937048,139,0.00039841558375019635,1765182466,,False,5fdda_00293,2025-12-08_08-27-46,7.040351629257202,1050.6634857654572,184785,11322cb164e6,172.18.0.2,1050.6634857654572,139
0.07689854672578109,0.07119670107922196,0.02637466659330295,140,0.0003948274628581991,1765182475,,False,5fdda_00293,2025-12-08_08-27-55,8.418883800506592,1059.0823695659637,184785,11322cb164e6,172.18.0.2,1059.0823695659637,140
0.05394493030547826,0.0491721283413412,0.02448683140565366,141,0.0003912353904939067,1765182482,,False,5fdda_00293,2025-12-08_08-28-02,7.6517462730407715,1066.7341158390045,184785,11322cb164e6,172.18.0.2,1066.7341158390045,141
0.052258158958148816,0.0475411782695765,0.02486838708713728,142,0.00038763976056853296,1765182489,,False,5fdda_00293,2025-12-08_08-28-09,7.206048011779785,1073.9401638507843,184785,11322cb164e6,172.18.0.2,1073.9401638507843,142
0.05504364318404472,0.04969721516288663,0.02452349736188765,143,0.00038404096738341837,1765182497,,False,5fdda_00293,2025-12-08_08-28-17,7.097235918045044,1081.0373997688293,184785,11322cb164e6,172.18.0.2,1081.0373997688293,143
0.05788892348722894,0.053542917797062786,0.02291040809027648,144,0.00038043940558679033,1765182504,,False,5fdda_00293,2025-12-08_08-28-24,7.765936374664307,1088.8033361434937,184785,11322cb164e6,172.18.0.2,1088.8033361434937,144
0.05385816741484465,0.04957434364103589,0.023280248422612355,145,0.0003768354701304857,1765182512,,False,5fdda_00293,2025-12-08_08-28-32,7.3878984451293945,1096.191234588623,184785,11322cb164e6,172.18.0.2,1096.191234588623,145
0.0670401477615905,0.061940386692225666,0.024342195054279748,146,0.00037322955622663993,1765182520,,False,5fdda_00293,2025-12-08_08-28-40,8.268776178359985,1104.460010766983,184785,11322cb164e6,172.18.0.2,1104.460010766983,146
0.052085875907734766,0.0472512767218217,0.021578935252435004,147,0.00036962205930434746,1765182528,,False,5fdda_00293,2025-12-08_08-28-48,8.392493486404419,1112.8525042533875,184785,11322cb164e6,172.18.0.2,1112.8525042533875,147
0.052280247287261626,0.04808598318563182,0.02483550432304625,148,0.0003660133749662989,1765182537,,False,5fdda_00293,2025-12-08_08-28-57,8.42381501197815,1121.2763192653656,184785,11322cb164e6,172.18.0.2,1121.2763192653656,148
0.0595240444209648,0.05524411712392915,0.024825525612430406,149,0.00036240389894539785,1765182545,,False,5fdda_00293,2025-12-08_08-29-05,7.739089727401733,1129.0154089927673,184785,11322cb164e6,172.18.0.2,1129.0154089927673,149
0.05089839327315143,0.04671174850079017,0.021788576029426868,150,0.00035879402706136515,1765182554,,False,5fdda_00293,2025-12-08_08-29-14,9.698122501373291,1138.7135314941406,184785,11322cb164e6,172.18.0.2,1138.7135314941406,150
0.0572327035467215,0.05329135493122677,0.022105748724455372,151,0.00035518415517733244,1765182562,,False,5fdda_00293,2025-12-08_08-29-22,7.407708644866943,1146.1212401390076,184785,11322cb164e6,172.18.0.2,1146.1212401390076,151
0.06117569527754835,0.05684017443196795,0.022065153871747362,152,0.00035157467915643146,1765182569,,False,5fdda_00293,2025-12-08_08-29-29,7.316751480102539,1153.43799161911,184785,11322cb164e6,172.18.0.2,1153.43799161911,152
0.050204837421624314,0.046005615744937105,0.021035567854309135,153,0.0003479659948183827,1765182576,,False,5fdda_00293,2025-12-08_08-29-36,7.126956462860107,1160.5649480819702,184785,11322cb164e6,172.18.0.2,1160.5649480819702,153
0.04789717886019354,0.04395175576077663,0.01950340129077975,154,0.00034435849789609036,1765182584,,False,5fdda_00293,2025-12-08_08-29-44,7.52091908454895,1168.0858671665192,184785,11322cb164e6,172.18.0.2,1168.0858671665192,154
0.05100200213949155,0.04684422626906106,0.02062249532327722,155,0.0003407525839922446,1765182591,,False,5fdda_00293,2025-12-08_08-29-51,6.95556378364563,1175.0414309501648,184785,11322cb164e6,172.18.0.2,1175.0414309501648,155
0.056085417724577875,0.05270604392331941,0.02157601652216948,156,0.00033714864853594,1765182598,,False,5fdda_00293,2025-12-08_08-29-58,7.2019617557525635,1182.2433927059174,184785,11322cb164e6,172.18.0.2,1182.2433927059174,156
0.05163383098001512,0.04813599792003478,0.020890440584046988,157,0.0003335470867393119,1765182605,,False,5fdda_00293,2025-12-08_08-30-05,7.241920471191406,1189.4853131771088,184785,11322cb164e6,172.18.0.2,1189.4853131771088,157
0.051058373092709816,0.04668493756906488,0.018425819885354838,158,0.0003299482935541972,1765182612,,False,5fdda_00293,2025-12-08_08-30-12,7.352971792221069,1196.8382849693298,184785,11322cb164e6,172.18.0.2,1196.8382849693298,158
0.05601213467054705,0.05215655710459121,0.01925067671567414,159,0.0003263526636288235,1765182620,,False,5fdda_00293,2025-12-08_08-30-20,7.158108711242676,1203.9963936805725,184785,11322cb164e6,172.18.0.2,1203.9963936805725,159
0.04930089097421915,0.04491768656623398,0.01888057411379311,160,0.0003227605912645312,1765182627,,False,5fdda_00293,2025-12-08_08-30-27,7.251978158950806,1211.2483718395233,184785,11322cb164e6,172.18.0.2,1211.2483718395233,160
0.0522545859715793,0.048163592481795574,0.016728487242449925,161,0.0003191724703725339,1765182634,,False,5fdda_00293,2025-12-08_08-30-34,7.233860492706299,1218.4822323322296,184785,11322cb164e6,172.18.0.2,1218.4822323322296,161
0.048643513290254875,0.045003562563132656,0.016319914687475567,162,0.0003155886944307218,1765182641,,False,5fdda_00293,2025-12-08_08-30-41,7.286685466766357,1225.768917798996,184785,11322cb164e6,172.18.0.2,1225.768917798996,162
0.05434669147170984,0.05005700651794499,0.016210412485959308,163,0.00031200965644051254,1765182648,,False,5fdda_00293,2025-12-08_08-30-48,7.159205675125122,1232.928123474121,184785,11322cb164e6,172.18.0.2,1232.928123474121,163
0.049582454484216006,0.04557593560654872,0.01912254091277429,164,0.0003084357488837539,1765182655,,False,5fdda_00293,2025-12-08_08-30-55,6.846400260925293,1239.7745237350464,184785,11322cb164e6,172.18.0.2,1239.7745237350464,164
0.04927825090145688,0.04559800143772375,0.016350400277324154,165,0.00030486736367968354,1765182663,,False,5fdda_00293,2025-12-08_08-31-03,7.251188278198242,1247.0257120132446,184785,11322cb164e6,172.18.0.2,1247.0257120132446,165
0.05775350102196984,0.054312659836932536,0.01739364817202902,166,0.0003013048921419511,1765182670,,False,5fdda_00293,2025-12-08_08-31-10,7.1211748123168945,1254.1468868255615,184785,11322cb164e6,172.18.0.2,1254.1468868255615,166
0.04818863363200149,0.044636276595412396,0.015889568787268386,167,0.0002977487249357065,1765182677,,False,5fdda_00293,2025-12-08_08-31-17,7.362376689910889,1261.5092635154724,184785,11322cb164e6,172.18.0.2,1261.5092635154724,167
0.04606043679148767,0.04284667325096604,0.016127124554061432,168,0.0002941992520347579,1765182684,,False,5fdda_00293,2025-12-08_08-31-24,6.997760057449341,1268.5070235729218,184785,11322cb164e6,172.18.0.2,1268.5070235729218,168
0.04767470834512042,0.04412669393965536,0.01598178456375168,169,0.00029065686267880787,1765182691,,False,5fdda_00293,2025-12-08_08-31-31,7.364110231399536,1275.8711338043213,184785,11322cb164e6,172.18.0.2,1275.8711338043213,169
0.04898437629008632,0.045457703958732346,0.01408420095504913,170,0.00028712194533076846,1765182698,,False,5fdda_00293,2025-12-08_08-31-38,6.996912479400635,1282.868046283722,184785,11322cb164e6,172.18.0.2,1282.868046283722,170
0.05263056163375268,0.0487162407462964,0.015007571402305032,171,0.00028359488763416183,1765182706,,False,5fdda_00293,2025-12-08_08-31-46,7.351939916610718,1290.2199862003326,184785,11322cb164e6,172.18.0.2,1290.2199862003326,171
0.048610084176361944,0.044723792704910004,0.014905877237496512,172,0.0002800760763706107,1765182715,,False,5fdda_00293,2025-12-08_08-31-55,9.647139072418213,1299.8671252727509,184785,11322cb164e6,172.18.0.2,1299.8671252727509,172
0.05134635576280436,0.04763184616869214,0.015200057143431128,173,0.00027656589741742346,1765182725,,False,5fdda_00293,2025-12-08_08-32-05,9.438470602035522,1309.3055958747864,184785,11322cb164e6,172.18.0.2,1309.3055958747864,173
0.0499941396288747,0.0465505983486762,0.014145769194550233,174,0.00027306473570527844,1765182735,,False,5fdda_00293,2025-12-08_08-32-15,9.666881322860718,1318.972477197647,184785,11322cb164e6,172.18.0.2,1318.972477197647,174
0.04655060785382178,0.04314679143142956,0.01341612516872831,175,0.0002695729751760119,1765182745,,False,5fdda_00293,2025-12-08_08-32-25,9.9856276512146,1328.9581048488617,184785,11322cb164e6,172.18.0.2,1328.9581048488617,175
0.04942859254130078,0.046089606156250226,0.01587080537963422,176,0.0002660909987405146,1765182755,,False,5fdda_00293,2025-12-08_08-32-35,10.396037340164185,1339.3541421890259,184785,11322cb164e6,172.18.0.2,1339.3541421890259,176
0.04586014486259711,0.04249950691285117,0.014266262235816018,177,0.00026261918823674055,1765182763,,False,5fdda_00293,2025-12-08_08-32-43,8.251375913619995,1347.6055181026459,184785,11322cb164e6,172.18.0.2,1347.6055181026459,177
0.04568223606852829,0.04238563094189444,0.012778301543852922,178,0.00025915792438783574,1765182770,,False,5fdda_00293,2025-12-08_08-32-50,6.983526945114136,1354.58904504776,184785,11322cb164e6,172.18.0.2,1354.58904504776,178
0.04923167591192579,0.04584060717032361,0.01761171035227303,179,0.000255707586760386,1765182777,,False,5fdda_00293,2025-12-08_08-32-57,7.209502696990967,1361.798547744751,184785,11322cb164e6,172.18.0.2,1361.798547744751,179
0.045725894875304644,0.04196465044590411,0.01369583334998768,180,0.00025226855372279374,1765182784,,False,5fdda_00293,2025-12-08_08-33-04,6.984570503234863,1368.7831182479858,184785,11322cb164e6,172.18.0.2,1368.7831182479858,180
0.04297401479659578,0.0396304238667033,0.013381305846314482,181,0.00024884120240378603,1765182791,,False,5fdda_00293,2025-12-08_08-33-11,6.979875802993774,1375.7629940509796,184785,11322cb164e6,172.18.0.2,1375.7629940509796,181
0.047278433246417714,0.044157617466129576,0.013783869287270541,182,0.00024542590865105773,1765182799,,False,5fdda_00293,2025-12-08_08-33-19,7.231042146682739,1382.9940361976624,184785,11322cb164e6,172.18.0.2,1382.9940361976624,182
0.051294473809664176,0.04806752555861646,0.014158008643818073,183,0.0002420230469900557,1765182809,,False,5fdda_00293,2025-12-08_08-33-29,10.199257135391235,1393.1932933330536,184785,11322cb164e6,172.18.0.2,1393.1932933330536,183
0.04457646973421484,0.04136504797272153,0.011946736049441466,184,0.00023863299058290792,1765182818,,False,5fdda_00293,2025-12-08_08-33-38,8.915943384170532,1402.1092367172241,184785,11322cb164e6,172.18.0.2,1402.1092367172241,184
0.05167165922797562,0.04868819172559089,0.01217047282518129,185,0.00023525611118750174,1765182827,,False,5fdda_00293,2025-12-08_08-33-47,9.59090781211853,1411.7001445293427,184785,11322cb164e6,172.18.0.2,1411.7001445293427,185
0.04489895036728037,0.04156119209002506,0.01360047680860834,186,0.0002318927791167169,1765182837,,False,5fdda_00293,2025-12-08_08-33-57,9.892069578170776,1421.5922141075134,184785,11322cb164e6,172.18.0.2,1421.5922141075134,186
0.04652052470278332,0.04358382642212581,0.015183940367264084,187,0.00022854336319781614,1765182847,,False,5fdda_00293,2025-12-08_08-34-07,10.099884271621704,1431.6920983791351,184785,11322cb164e6,172.18.0.2,1431.6920983791351,187
0.043729640615656394,0.040820021013240754,0.011824475539036317,188,0.00022520823073199977,1765182857,,False,5fdda_00293,2025-12-08_08-34-17,9.38817310333252,1441.0802714824677,184785,11322cb164e6,172.18.0.2,1441.0802714824677,188
0.045694716928108024,0.04285367255253135,0.013001845226233459,189,0.0002218877474541259,1765182866,,False,5fdda_00293,2025-12-08_08-34-26,9.012800216674805,1450.0930716991425,184785,11322cb164e6,172.18.0.2,1450.0930716991425,189
0.04428934810733668,0.04115273262517291,0.011483343928380402,190,0.0002185822774926046,1765182875,,False,5fdda_00293,2025-12-08_08-34-35,9.081293106079102,1459.1743648052216,184785,11322cb164e6,172.18.0.2,1459.1743648052216,190
0.04802126637647934,0.044858146098187286,0.012456120885311447,191,0.00021529218332946637,1765182882,,False,5fdda_00293,2025-12-08_08-34-42,7.547147274017334,1466.721512079239,184785,11322cb164e6,172.18.0.2,1466.721512079239,191
0.044227487612780406,0.04150895772288849,0.010194591827717142,192,0.000212017825760612,1765182892,,False,5fdda_00293,2025-12-08_08-34-52,9.119904041290283,1475.8414161205292,184785,11322cb164e6,172.18.0.2,1475.8414161205292,192
0.0456804125918706,0.042827076247642995,0.010524789457555639,193,0.00020875956385624778,1765182901,,False,5fdda_00293,2025-12-08_08-35-01,9.705397129058838,1485.546813249588,184785,11322cb164e6,172.18.0.2,1485.546813249588,193
0.04776056896165995,0.04461878291734323,0.012829841209281177,194,0.00020551775492150875,1765182910,,False,5fdda_00293,2025-12-08_08-35-10,8.928129196166992,1494.474942445755,184785,11322cb164e6,172.18.0.2,1494.474942445755,194
0.046574213132936054,0.04381255298168266,0.010822067122575899,195,0.00020229275445727635,1765182920,,False,5fdda_00293,2025-12-08_08-35-20,9.643256664276123,1504.1181991100311,184785,11322cb164e6,172.18.0.2,1504.1181991100311,195
0.04438251850871461,0.04170656975031438,0.012152931507594807,196,0.00019908491612119416,1765182928,,False,5fdda_00293,2025-12-08_08-35-28,8.283831357955933,1512.402030467987,184785,11322cb164e6,172.18.0.2,1512.402030467987,196
0.04379670675940215,0.041022413647288425,0.013075760279485349,197,0.00019589459168888455,1765182937,,False,5fdda_00293,2025-12-08_08-35-37,8.820815563201904,1521.222846031189,184785,11322cb164e6,172.18.0.2,1521.222846031189,197
0.04633047845628527,0.04310729544614598,0.009634085823516386,198,0.00019272213101537326,1765182946,,False,5fdda_00293,2025-12-08_08-35-46,8.991260051727295,1530.2141060829163,184785,11322cb164e6,172.18.0.2,1530.2141060829163,198
0.04474127032007127,0.04168684926553021,0.010215296456620454,199,0.00018956788199672373,1765182956,,False,5fdda_00293,2025-12-08_08-35-56,10.107979536056519,1540.3220856189728,184785,11322cb164e6,172.18.0.2,1540.3220856189728,199
0.043920867128215864,0.04118087443550784,0.010394166070947404,200,0.00018643219053188573,1765182964,,False,5fdda_00293,2025-12-08_08-36-04,8.207160949707031,1548.5292465686798,184785,11322cb164e6,172.18.0.2,1548.5292465686798,200
0.0423721306829759,0.03950621003588272,0.011866617423495509,201,0.00018331540048476468,1765182971,,False,5fdda_00293,2025-12-08_08-36-11,7.154339075088501,1555.6835856437683,184785,11322cb164e6,172.18.0.2,1555.6835856437683,201
0.04594797377344654,0.04302587412726086,0.009070633407537415,202,0.00018021785364651213,1765182979,,False,5fdda_00293,2025-12-08_08-36-19,7.144071578979492,1562.8276572227478,184785,11322cb164e6,172.18.0.2,1562.8276572227478,202
0.04379244098976466,0.04122552155091088,0.009628043729127891,203,0.00017713988969804499,1765182986,,False,5fdda_00293,2025-12-08_08-36-26,7.100714206695557,1569.9283714294434,184785,11322cb164e6,172.18.0.2,1569.9283714294434,203
0.048255640297444675,0.045102580875225694,0.00964013279030833,204,0.00017408184617279592,1765182993,,False,5fdda_00293,2025-12-08_08-36-33,6.97525954246521,1576.9036309719086,184785,11322cb164e6,172.18.0.2,1576.9036309719086,204
0.04204348591156304,0.03954751137072504,0.00899128638626525,205,0.00017104405841969833,1765183000,,False,5fdda_00293,2025-12-08_08-36-40,6.959475994110107,1583.8631069660187,184785,11322cb164e6,172.18.0.2,1583.8631069660187,205
0.04752988417305591,0.044706470911205776,0.010155572660009188,206,0.00016802685956641202,1765183007,,False,5fdda_00293,2025-12-08_08-36-47,7.081718683242798,1590.9448256492615,184785,11322cb164e6,172.18.0.2,1590.9448256492615,206
0.0422036036733509,0.039722747285850346,0.009816647610093897,207,0.00016503058048279224,1765183018,,False,5fdda_00293,2025-12-08_08-36-58,11.050672054290771,1601.9954977035522,184785,11322cb164e6,172.18.0.2,1601.9954977035522,207
0.04442385155093936,0.04182320450870585,0.008349293018805848,208,0.00016205554974460529,1765183029,,False,5fdda_00293,2025-12-08_08-37-09,11.66852617263794,1613.6640238761902,184785,11322cb164e6,172.18.0.2,1613.6640238761902,208
0.044672431852620396,0.042295330878496365,0.008764862405905896,209,0.0001591020935974972,1765183041,,False,5fdda_00293,2025-12-08_08-37-21,11.16460132598877,1624.828625202179,184785,11322cb164e6,172.18.0.2,1624.828625202179,209
0.0438429719524203,0.04140930473055445,0.008407500891890763,210,0.00015617053592121714,1765183048,,False,5fdda_00293,2025-12-08_08-37-28,7.0960693359375,1631.9246945381165,184785,11322cb164e6,172.18.0.2,1631.9246945381165,210
0.046148889763064166,0.04354928611616486,0.008991743918385241,211,0.00015326119819409964,1765183055,,False,5fdda_00293,2025-12-08_08-37-35,6.981600046157837,1638.9062945842743,184785,11322cb164e6,172.18.0.2,1638.9062945842743,211
0.04430672680256402,0.04171001397070862,0.008081561807510467,212,0.00015037439945781204,1765183062,,False,5fdda_00293,2025-12-08_08-37-42,7.109759092330933,1646.0160536766052,184785,11322cb164e6,172.18.0.2,1646.0160536766052,212
0.0426955082879741,0.04019258280425484,0.008934356129868197,213,0.0001475104562823669,1765183069,,False,5fdda_00293,2025-12-08_08-37-49,7.004361152648926,1653.0204148292542,184785,11322cb164e6,172.18.0.2,1653.0204148292542,213
0.043259786897355774,0.04072037569273658,0.00823088182324008,214,0.000144669682731407,1765183076,,False,5fdda_00293,2025-12-08_08-37-56,7.1443564891815186,1660.1647713184357,184785,11322cb164e6,172.18.0.2,1660.1647713184357,214
0.04337468954616585,0.04108239002543855,0.008241997482834162,215,0.000141852390327765,1765183083,,False,5fdda_00293,2025-12-08_08-38-03,7.025497913360596,1667.1902692317963,184785,11322cb164e6,172.18.0.2,1667.1902692317963,215
0.04979854236291938,0.04706956293477222,0.0074102176046312584,216,0.00013905888801930076,1765183090,,False,5fdda_00293,2025-12-08_08-38-10,7.185842275619507,1674.3761115074158,184785,11322cb164e6,172.18.0.2,1674.3761115074158,216
0.04434630965744205,0.04204464670287527,0.007211716711573023,217,0.00013628948214502258,1765183097,,False,5fdda_00293,2025-12-08_08-38-17,7.16785740852356,1681.5439689159393,184785,11322cb164e6,172.18.0.2,1681.5439689159393,217
0.043138888497892235,0.040772984545251946,0.007838874946739235,218,0.00013354447640149278,1765183105,,False,5fdda_00293,2025-12-08_08-38-25,7.150749444961548,1688.6947183609009,184785,11322cb164e6,172.18.0.2,1688.6947183609009,218
0.04610749614215637,0.04353366018506369,0.007491559212891037,219,0.00013082417180952438,1765183112,,False,5fdda_00293,2025-12-08_08-38-32,7.240958213806152,1695.935676574707,184785,11322cb164e6,172.18.0.2,1695.935676574707,219
0.04321631120977495,0.04081950493449302,0.007497537319115339,220,0.0001281288666811713,1765183119,,False,5fdda_00293,2025-12-08_08-38-39,7.121102571487427,1703.0567791461945,184785,11322cb164e6,172.18.0.2,1703.0567791461945,220
0.04463893168507197,0.04219803319869741,0.006934210903420224,221,0.000125458856587014,1765183126,,False,5fdda_00293,2025-12-08_08-38-46,7.087396860122681,1710.1441760063171,184785,11322cb164e6,172.18.0.2,1710.1441760063171,221
0.04251477110815699,0.04015631871075353,0.007165452182067346,222,0.0001228144343237475,1765183133,,False,5fdda_00293,2025-12-08_08-38-53,7.0855419635772705,1717.2297179698944,184785,11322cb164e6,172.18.0.2,1717.2297179698944,222
0.04297211630876328,0.04068895501417928,0.006683131560913668,223,0.00012019588988207307,1765183140,,False,5fdda_00293,2025-12-08_08-39-00,7.3116137981414795,1724.541331768036,184785,11322cb164e6,172.18.0.2,1724.541331768036,223
0.04311830307554348,0.04080688733353643,0.007279826634276388,224,0.00011760351041489684,1765183147,,False,5fdda_00293,2025-12-08_08-39-07,7.052915334701538,1731.5942471027374,184785,11322cb164e6,172.18.0.2,1731.5942471027374,224
0.04588424923856206,0.043577307294957936,0.007681065144613288,225,0.00011503758020584111,1765183155,,False,5fdda_00293,2025-12-08_08-39-15,7.143268823623657,1738.737515926361,184785,11322cb164e6,172.18.0.2,1738.737515926361,225
0.04381634333190203,0.041622332188972204,0.006328777085423923,226,0.00011249838063806858,1765183162,,False,5fdda_00293,2025-12-08_08-39-22,7.234886169433594,1745.9724020957947,184785,11322cb164e6,172.18.0.2,1745.9724020957947,226
0.04457072581487012,0.042159781399308115,0.007322693644139742,227,0.0001099861901634259,1765183169,,False,5fdda_00293,2025-12-08_08-39-29,7.07297420501709,1753.0453763008118,184785,11322cb164e6,172.18.0.2,1753.0453763008118,227
0.04496165421533877,0.04238550036812312,0.006326227439832849,228,0.00010750128427190868,1765183176,,False,5fdda_00293,2025-12-08_08-39-36,7.260284900665283,1760.305661201477,184785,11322cb164e6,172.18.0.2,1760.305661201477,228
0.04247727726817189,0.040306471133585396,0.00750482204105401,229,0.00010504393546145014,1765183183,,False,5fdda_00293,2025-12-08_08-39-43,6.989886522293091,1767.2955477237701,184785,11322cb164e6,172.18.0.2,1767.2955477237701,229
0.042091403971727004,0.039756418021699026,0.007086365320086431,230,0.00010261441320803894,1765183190,,False,5fdda_00293,2025-12-08_08-39-50,7.263259649276733,1774.5588073730469,184785,11322cb164e6,172.18.0.2,1774.5588073730469,230
0.04273250978680698,0.04047492680498411,0.006154363791861238,231,0.0001002129839361688,1765183197,,False,5fdda_00293,2025-12-08_08-39-57,7.025299549102783,1781.5841069221497,184785,11322cb164e6,172.18.0.2,1781.5841069221497,231
0.04571407102529701,0.0432254910277737,0.007087246361043825,232,9.783991098962087e-05,1765183205,,False,5fdda_00293,2025-12-08_08-40-05,7.0865325927734375,1788.670639514923,184785,11322cb164e6,172.18.0.2,1788.670639514923,232
0.042413343805386576,0.04026815830669739,0.006784564723475436,233,9.549545460258567e-05,1765183212,,False,5fdda_00293,2025-12-08_08-40-12,7.225679636001587,1795.8963191509247,184785,11322cb164e6,172.18.0.2,1795.8963191509247,233
0.042453977867157155,0.04032122537082191,0.006032353705440653,234,9.317987187112592e-05,1765183219,,False,5fdda_00293,2025-12-08_08-40-19,7.0382513999938965,1802.9345705509186,184785,11322cb164e6,172.18.0.2,1802.9345705509186,234
0.0429665776064682,0.04068841080202959,0.006231266408501231,235,9.089341672498217e-05,1765183226,,False,5fdda_00293,2025-12-08_08-40-26,7.1339733600616455,1810.0685439109802,184785,11322cb164e6,172.18.0.2,1810.0685439109802,235
0.04580401436868545,0.04377811025191599,0.006886133722360173,236,8.863633989972735e-05,1765183233,,False,5fdda_00293,2025-12-08_08-40-33,7.008321046829224,1817.0768649578094,184785,11322cb164e6,172.18.0.2,1817.0768649578094,236
0.04384305156666295,0.04171010285034747,0.0070183684600341025,237,8.640888890927024e-05,1765183240,,False,5fdda_00293,2025-12-08_08-40-40,7.291643857955933,1824.3685088157654,184785,11322cb164e6,172.18.0.2,1824.3685088157654,237
0.042734191575489494,0.040668531730999685,0.006286096894556241,238,8.421130801871292e-05,1765183247,,False,5fdda_00293,2025-12-08_08-40-47,7.059582471847534,1831.428091287613,184785,11322cb164e6,172.18.0.2,1831.428091287613,238
0.04725064220296782,0.04481200138540115,0.006081213965171157,239,8.204383821756474e-05,1765183254,,False,5fdda_00293,2025-12-08_08-40-54,7.069118022918701,1838.4972093105316,184785,11322cb164e6,172.18.0.2,1838.4972093105316,239
0.043156078463728306,0.040901079164151324,0.006562147642530433,240,7.990671719331434e-05,1765183262,,False,5fdda_00293,2025-12-08_08-41-02,7.196141958236694,1845.6933512687683,184785,11322cb164e6,172.18.0.2,1845.6933512687683,240
0.04345879554977154,0.04115929551938794,0.006311811399682295,241,7.78001793053653e-05,1765183269,,False,5fdda_00293,2025-12-08_08-41-09,6.907196283340454,1852.6005475521088,184785,11322cb164e6,172.18.0.2,1852.6005475521088,241
0.04232824915112778,0.04020109989328998,0.005819895181990677,242,7.572445555933564e-05,1765183276,,False,5fdda_00293,2025-12-08_08-41-16,7.244397163391113,1859.8449447154999,184785,11322cb164e6,172.18.0.2,1859.8449447154999,242
0.042571362414221624,0.040551645872279406,0.006550113501936834,243,7.367977358172525e-05,1765183283,,False,5fdda_00293,2025-12-08_08-41-23,7.098177671432495,1866.9431223869324,184785,11322cb164e6,172.18.0.2,1866.9431223869324,243
0.044074058843757334,0.042052228006447645,0.006170444489080324,244,7.166635759495458e-05,1765183290,,False,5fdda_00293,2025-12-08_08-41-30,7.188959836959839,1874.1320822238922,184785,11322cb164e6,172.18.0.2,1874.1320822238922,244
0.045264391239385963,0.04298987371927652,0.006194030595572371,245,6.968442839277562e-05,1765183297,,False,5fdda_00293,2025-12-08_08-41-37,7.0923943519592285,1881.2244765758514,184785,11322cb164e6,172.18.0.2,1881.2244765758514,245
0.04322420003178989,0.041158113850928,0.005615780608809355,246,6.773420331605967e-05,1765183304,,False,5fdda_00293,2025-12-08_08-41-44,7.077046155929565,1888.301522731781,184785,11322cb164e6,172.18.0.2,1888.301522731781,246
0.04384325101889805,0.04162911855803986,0.006238938575861445,247,6.581589622896355e-05,1765183312,,False,5fdda_00293,2025-12-08_08-41-52,7.2914228439331055,1895.592945575714,184785,11322cb164e6,172.18.0.2,1895.592945575714,247
0.04213975451270585,0.0400515049948653,0.005864260542246277,248,6.392971749547657e-05,1765183319,,False,5fdda_00293,2025-12-08_08-41-59,7.072308301925659,1902.6652538776398,184785,11322cb164e6,172.18.0.2,1902.6652538776398,248
0.04280803810374315,0.040766878010679845,0.0057710641156640775,249,6.20758739563523e-05,1765183326,,False,5fdda_00293,2025-12-08_08-42-06,7.167759418487549,1909.8330132961273,184785,11322cb164e6,172.18.0.2,1909.8330132961273,249
0.0428624735027311,0.040802776413122605,0.005533343751177703,250,6.0254568906425674e-05,1765183333,,False,5fdda_00293,2025-12-08_08-42-13,7.08191704750061,1916.914930343628,184785,11322cb164e6,172.18.0.2,1916.914930343628,250
0.0418268253717533,0.03980449311861176,0.0053414089129899915,251,5.846600207231951e-05,1765183340,,False,5fdda_00293,2025-12-08_08-42-20,7.172559022903442,1924.0874893665314,184785,11322cb164e6,172.18.0.2,1924.0874893665314,251
0.04342439092962837,0.0414373569911856,0.005532395022401316,252,5.6710369590542786e-05,1765183347,,False,5fdda_00293,2025-12-08_08-42-27,7.03959059715271,1931.127079963684,184785,11322cb164e6,172.18.0.2,1931.127079963684,252
0.043366326987791505,0.04133560304837999,0.0051017964937075146,253,5.498786398598111e-05,1765183354,,False,5fdda_00293,2025-12-08_08-42-34,7.005144834518433,1938.1322247982025,184785,11322cb164e6,172.18.0.2,1938.1322247982025,253
0.0425351551831375,0.04045509128516675,0.005376338128753277,254,5.3298674150784876e-05,1765183362,,False,5fdda_00293,2025-12-08_08-42-42,7.378201723098755,1945.5104265213013,184785,11322cb164e6,172.18.0.2,1945.5104265213013,254
0.0456466165374849,0.04343274193491007,0.005557681803083062,255,5.1642985323655076e-05,1765183368,,False,5fdda_00293,2025-12-08_08-42-48,6.893702983856201,1952.4041295051575,184785,11322cb164e6,172.18.0.2,1952.4041295051575,255
0.043697048601326206,0.041641094256794076,0.005680156556812207,256,5.002097906952945e-05,1765183376,,False,5fdda_00293,2025-12-08_08-42-56,7.257226228713989,1959.6613557338715,184785,11322cb164e6,172.18.0.2,1959.6613557338715,256
0.04147059712029551,0.03945571608201887,0.005500793123920569,257,4.8432833259672016e-05,1765183383,,False,5fdda_00293,2025-12-08_08-43-03,7.132788419723511,1966.794144153595,184785,11322cb164e6,172.18.0.2,1966.794144153595,257
0.043045092161109515,0.04093532867306117,0.005203659125360047,258,4.6878722052167827e-05,1765183390,,False,5fdda_00293,2025-12-08_08-43-10,7.112675428390503,1973.9068195819855,184785,11322cb164e6,172.18.0.2,1973.9068195819855,258
0.04165658355060031,0.03972366432107634,0.00486642723451272,259,4.5358815872823784e-05,1765183397,,False,5fdda_00293,2025-12-08_08-43-17,7.196855306625366,1981.1036748886108,184785,11322cb164e6,172.18.0.2,1981.1036748886108,259
0.04175220087690409,0.039774988049362095,0.005089715247433343,260,4.387328139648045e-05,1765183404,,False,5fdda_00293,2025-12-08_08-43-24,7.007472038269043,1988.1111469268799,184785,11322cb164e6,172.18.0.2,1988.1111469268799,260
0.04244193841236372,0.040372831757163545,0.004884757910561965,261,4.2422281528733494e-05,1765183411,,False,5fdda_00293,2025-12-08_08-43-31,7.268599033355713,1995.3797459602356,184785,11322cb164e6,172.18.0.2,1995.3797459602356,261
0.04426567227512271,0.04216575352366754,0.00478368263493818,262,4.100597538806958e-05,1765183418,,False,5fdda_00293,2025-12-08_08-43-38,6.7877113819122314,2002.1674573421478,184785,11322cb164e6,172.18.0.2,2002.1674573421478,262
0.042382932617028246,0.04038790780154492,0.005103223756033507,263,3.9624518288417635e-05,1765183425,,False,5fdda_00293,2025-12-08_08-43-45,7.113736391067505,2009.2811937332153,184785,11322cb164e6,172.18.0.2,2009.2811937332153,263
0.0424957135614027,0.040554705880899995,0.00510010561929024,264,3.827806172211607e-05,1765183432,,False,5fdda_00293,2025-12-08_08-43-52,7.046336650848389,2016.3275303840637,184785,11322cb164e6,172.18.0.2,2016.3275303840637,264
0.04346116086484946,0.04137386919678494,0.004863463923286217,265,3.6966753343300554e-05,1765183439,,False,5fdda_00293,2025-12-08_08-43-59,6.895164966583252,2023.222695350647,184785,11322cb164e6,172.18.0.2,2023.222695350647,265
0.042026082164480394,0.04006202264811642,0.004887264260133714,266,3.5690736951712e-05,1765183446,,False,5fdda_00293,2025-12-08_08-44-06,7.159026622772217,2030.3817219734192,184785,11322cb164e6,172.18.0.2,2030.3817219734192,266
0.04401126398839711,0.041811403967482244,0.004957765195587495,267,3.445015247692708e-05,1765183454,,False,5fdda_00293,2025-12-08_08-44-14,7.0877580642700195,2037.4694800376892,184785,11322cb164e6,172.18.0.2,2037.4694800376892,267
0.04171651364689168,0.03976143724303115,0.005211098706594022,268,3.324513596301362e-05,1765183461,,False,5fdda_00293,2025-12-08_08-44-21,7.148717164993286,2044.6181972026825,184785,11322cb164e6,172.18.0.2,2044.6181972026825,268
0.04171223509864213,0.039814036363135366,0.005151995705769981,269,3.207581955361166e-05,1765183468,,False,5fdda_00293,2025-12-08_08-44-28,7.141077518463135,2051.7592747211456,184785,11322cb164e6,172.18.0.2,2051.7592747211456,269
0.042058098498426226,0.04012696916951608,0.004811544541388369,270,3.094233147744242e-05,1765183475,,False,5fdda_00293,2025-12-08_08-44-35,7.168205261230469,2058.927479982376,184785,11322cb164e6,172.18.0.2,2058.927479982376,270
0.04158780912360903,0.03963800851608812,0.004601834749412685,271,2.98447960342468e-05,1765183482,,False,5fdda_00293,2025-12-08_08-44-42,7.036555051803589,2065.9640350341797,184785,11322cb164e6,172.18.0.2,2065.9640350341797,271
0.041664679593091364,0.03976800886057413,0.004602768285461784,272,2.8783333581154187e-05,1765183489,,False,5fdda_00293,2025-12-08_08-44-49,6.854383707046509,2072.818418741226,184785,11322cb164e6,172.18.0.2,2072.818418741226,272
0.042188624355662854,0.04028911167380908,0.004699941150605235,273,2.7758060519484187e-05,1765183496,,False,5fdda_00293,2025-12-08_08-44-56,7.126431941986084,2079.9448506832123,184785,11322cb164e6,172.18.0.2,2079.9448506832123,273
0.04234247478579462,0.04039944726200678,0.004909376848285169,274,2.67690892819818e-05,1765183503,,False,5fdda_00293,2025-12-08_08-45-03,6.98347282409668,2086.928323507309,184785,11322cb164e6,172.18.0.2,2086.928323507309,274
0.04259423272701062,0.04059806950113589,0.004919312137116948,275,2.581652832048784e-05,1765183510,,False,5fdda_00293,2025-12-08_08-45-10,7.040665149688721,2093.9689886569977,184785,11322cb164e6,172.18.0.2,2093.9689886569977,275
0.04172216846429543,0.039813083919151435,0.004416665030490134,276,2.4900482094046225e-05,1765183517,,False,5fdda_00293,2025-12-08_08-45-17,6.999958515167236,2100.968947172165,184785,11322cb164e6,172.18.0.2,2100.968947172165,276
0.04235906805843115,0.04045541445244566,0.0047467743202505895,277,2.4021051057448524e-05,1765183524,,False,5fdda_00293,2025-12-08_08-45-24,7.203293323516846,2108.1722404956818,184785,11322cb164e6,172.18.0.2,2108.1722404956818,277
0.04174957814378524,0.03983833940666005,0.0044754450433372416,278,2.3178331650218143e-05,1765183531,,False,5fdda_00293,2025-12-08_08-45-31,7.110022068023682,2115.2822625637054,184785,11322cb164e6,172.18.0.2,2115.2822625637054,278
0.041993456376471026,0.04003735333506634,0.0046164030733203435,279,2.23724162860348e-05,1765183538,,False,5fdda_00293,2025-12-08_08-45-38,7.030297517776489,2122.312560081482,184785,11322cb164e6,172.18.0.2,2122.312560081482,279
0.04149470881388092,0.03960433832230768,0.0047499998934823935,280,2.16033933425999e-05,1765183546,,False,5fdda_00293,2025-12-08_08-45-46,7.180126428604126,2129.492686510086,184785,11322cb164e6,172.18.0.2,2129.492686510086,280
0.04433909967212002,0.04228035139310407,0.004493702917436374,281,2.0871347151945344e-05,1765183553,,False,5fdda_00293,2025-12-08_08-45-53,7.123805522918701,2136.6164920330048,184785,11322cb164e6,172.18.0.2,2136.6164920330048,281
0.04183571301677411,0.03987402655289554,0.004622118976953382,282,2.0176357991185325e-05,1765183560,,False,5fdda_00293,2025-12-08_08-46-00,7.082190275192261,2143.698682308197,184785,11322cb164e6,172.18.0.2,2143.698682308197,282
0.04171478930675456,0.03980523168779573,0.004519157100862756,283,1.9518502073713142e-05,1765183567,,False,5fdda_00293,2025-12-08_08-46-07,6.996794700622559,2150.6954770088196,184785,11322cb164e6,172.18.0.2,2150.6954770088196,283
0.0417763660433257,0.03988658937141877,0.00462620178503865,284,1.8897851540843486e-05,1765183574,,False,5fdda_00293,2025-12-08_08-46-14,7.070785284042358,2157.766262292862,184785,11322cb164e6,172.18.0.2,2157.766262292862,284
0.043394985105794225,0.04137246057785836,0.004590407200579874,285,1.8314474453901488e-05,1765183581,,False,5fdda_00293,2025-12-08_08-46-21,6.972827911376953,2164.739090204239,184785,11322cb164e6,172.18.0.2,2164.739090204239,285
0.04309294095746595,0.04104208098562045,0.004314990326568576,286,1.776843478675865e-05,1765183588,,False,5fdda_00293,2025-12-08_08-46-28,7.078066349029541,2171.8171565532684,184785,11322cb164e6,172.18.0.2,2171.8171565532684,286
0.0420226996153285,0.04008370522621451,0.004511249983255568,287,1.725979241881788e-05,1765183595,,False,5fdda_00293,2025-12-08_08-46-35,7.339345932006836,2179.1565024852753,184785,11322cb164e6,172.18.0.2,2179.1565024852753,287
0.041903188456937634,0.03998436804127444,0.004264592504312183,288,1.6788603128446677e-05,1765183602,,False,5fdda_00293,2025-12-08_08-46-42,7.099904775619507,2186.256407260895,184785,11322cb164e6,172.18.0.2,2186.256407260895,288
0.044266553616719155,0.042229568190332405,0.004530520973530468,289,1.6354918586860493e-05,1765183610,,False,5fdda_00293,2025-12-08_08-46-50,7.304339170455933,2193.5607464313507,184785,11322cb164e6,172.18.0.2,2193.5607464313507,289
0.04210854162827846,0.040183598276568235,0.004531444870255202,290,1.5958786352456598e-05,1765183617,,False,5fdda_00293,2025-12-08_08-46-57,7.096070289611816,2200.6568167209625,184785,11322cb164e6,172.18.0.2,2200.6568167209625,290
0.04342578097188831,0.04139797067109048,0.004201691856015464,291,1.560024986559841e-05,1765183624,,False,5fdda_00293,2025-12-08_08-47-04,7.198737144470215,2207.8555538654327,184785,11322cb164e6,172.18.0.2,2207.8555538654327,291
0.042012469695329915,0.0401449998810909,0.004435911243603507,292,1.527934844385208e-05,1765183631,,False,5fdda_00293,2025-12-08_08-47-11,6.8753156661987305,2214.7308695316315,184785,11322cb164e6,172.18.0.2,2214.7308695316315,292
0.0422328851445643,0.04034521567496262,0.004298043975949172,293,1.4996117277674768e-05,1765183638,,False,5fdda_00293,2025-12-08_08-47-18,7.070108413696289,2221.8009779453278,184785,11322cb164e6,172.18.0.2,2221.8009779453278,293
0.04180545208359604,0.03991578328687919,0.004217146414707878,294,1.4750587426555526e-05,1765183645,,False,5fdda_00293,2025-12-08_08-47-25,7.295797824859619,2229.0967757701874,184785,11322cb164e6,172.18.0.2,2229.0967757701874,294
0.04320030170673317,0.04112585677039744,0.004382346666127279,295,1.4542785815609429e-05,1765183652,,False,5fdda_00293,2025-12-08_08-47-32,7.1212477684021,2236.2180235385895,184785,11322cb164e6,172.18.0.2,2236.2180235385895,295
0.04409875315782501,0.04203903788757253,0.004106423943565913,296,1.4372735232624776e-05,1765183660,,False,5fdda_00293,2025-12-08_08-47-40,7.1468586921691895,2243.3648822307587,184785,11322cb164e6,172.18.0.2,2243.3648822307587,296
0.041922555668447985,0.04005396354101834,0.0042470167841885354,297,1.4240454325564346e-05,1765183667,,False,5fdda_00293,2025-12-08_08-47-47,7.088403940200806,2250.4532861709595,184785,11322cb164e6,172.18.0.2,2250.4532861709595,297
0.04332941176865529,0.04126783144447919,0.004349090660942738,298,1.4145957600520261e-05,1765183676,,False,5fdda_00293,2025-12-08_08-47-56,8.891327619552612,2259.344613790512,184785,11322cb164e6,172.18.0.2,2259.344613790512,298
0.04202735013549892,0.04012784290290498,0.004287147943661524,299,1.4089255420123281e-05,1765183683,,False,5fdda_00293,2025-12-08_08-48-03,7.663492202758789,2267.008105993271,184785,11322cb164e6,172.18.0.2,2267.008105993271,299
0.04187945745408882,0.04003505682490299,0.0041487691828973805,300,1.4070354002406474e-05,1765183690,,True,5fdda_00293,2025-12-08_08-48-10,7.177532434463501,2274.1856384277344,184785,11322cb164e6,172.18.0.2,2274.1856384277344,300
